5.6146982 45.8234227
2.8204422 48.3862741
0.4438439 45.1280023
-1.3561273 49.3418798
1.1447648 49.7338944
-1.0646823 45.4775560
27.4131896 -11.6047402
-1.0046660 43.4873893
-0.8935216 48.7147351
1.7121336 43.3181879
0.3280129 49.6983226
7.5569141 48.8130572
6.5244540 49.1198581
-2.5304553 48.5858442
15.0494323 37.4603449
2.3292739 50.6783953
-86.4726664 14.8486247
123.0106779 9.6582688
3.1026833 49.7557028
1.0078691 48.9597880
0.5989630 49.7320014
4.9969296 46.6663107
7.3282301 48.6680270
3.1525741 49.3238778
-1.4970964 49.0072999
0.5602509 42.9771692
4.6902867 46.5987103
8.4449473 46.8133312
-1.9564639 48.4659431
6.0392982 48.5596044
3.9537983 50.1062779
3.1290575 48.4366257
10.7757291 59.9723974
11.0629997 49.4360948
4.5895287 47.7689842
3.6586708 49.4902907
0.4580324 49.3556477
-0.7838994 43.3963171
4.5550026 49.9276538
2.8974808 50.3690532
0.3545638 49.6122750
9.6765110 50.5521486
6.6648205 49.0563581
1.3183351 43.6490562
0.4401505 43.0655724
3.2713474 50.1938369
18.2266033 46.0784260
-79.6024243 8.9988217
4.8639726 47.1207921
4.1017859 49.0914090
1.3691748 49.3436491
0.4570581 44.9552064
-0.3885774 45.3796465
-3.2949508 48.7326187
4.2588009 46.2672649
-2.8384650 48.3352359
114.3717213 10.3663807
6.7299577 48.4301646
35.3050597 0.4771937
6.1308102 47.8157149
27.3662435 44.5966291
2.0156880 50.1558772
0.9032495 43.1180103
4.5894420 47.0382268
6.2069741 47.7206494
3.2572404 50.5923707
2.7518200 48.5287959
1.5630644 49.1284826
3.5680802 49.7961089
4.3627245 51.9994572
124.7434932 6.2966615
1.4261175 49.0054863
5.6449668 46.3184360
3.6368070 50.0735746
-114.0498685 51.0253267
6.0542049 47.5935467
-0.6104321 45.1966665
0.8859677 43.3963191
7.1657944 51.2419586
7.2999443 44.6396207
2.7457826 50.2002221
-0.3258400 44.4301223
1.2342587 49.1923627
-71.9237621 -36.6011924
-0.0756466 44.8542197
3.5762683 50.3114783
1.6599058 50.8309359
9.9288975 48.3876960
2.8794848 49.4790309
6.7140354 48.8418131
5.1525013 47.0981674
2.6787147 50.7481046
131.1375620 34.3156574
25.2372246 -26.3711400
3.1059906 49.0434196
-2.3915299 48.4002959
3.5625800 45.6323422
7.2028629 48.8386318
39.8173011 57.6965239
2.8065164 50.1838666
37.4917313 56.9685608
3.1510531 49.3644065
1.6716527 50.3425766
0.1137350 43.7509601
3.5567898 49.0900349
6.8307299 49.1077579
3.5186641 49.4781464
5.9219454 48.5489904
-0.2759132 43.5196820
-0.3068243 43.4689026
1.8057367 50.9096117
7.0712741 58.4743574
-77.4542833 59.8591003
-0.7364131 43.3291803
51.6661809 32.6677835
10.5203138 52.2716564
38.9282811 55.6070951
0.8555494 44.9027585
3.7906416 49.7870920
0.1497407 44.7670371
1.6357998 43.5187545
37.1835540 54.7317756
51.6412668 32.7092062
0.5687228 48.9336236
4.2137283 46.5012119
1.1821748 49.1309304
6.1760244 47.7776135
-0.3544585 44.9754121
1.0620818 49.5693620
1.7478322 49.5191917
-0.0165516 43.3457802
-74.1668877 40.7301450
-2.9416031 48.5995107
2.1334607 49.5909970
3.8632956 48.6988722
3.3795297 50.1933320
-5.6438320 5.9012909
1.9354060 43.4635989
-0.2552024 49.0293871
3.9506616 49.3307275
-0.3105762 45.1801665
3.7112605 49.3232182
5.7508884 48.4572076
6.6566928 47.3152637
0.1181080 44.9613534
5.5318630 49.4191464
0.5432827 43.0799181
9.4480967 61.2541481
3.0992495 49.9082589
-1.4334035 48.8418816
3.0826193 49.9956050
5.0819654 47.1688585
-0.1511840 45.9845921
33.3736959 35.1802820
5.9542925 48.8797235
6.7291356 47.5252205
6.8999177 48.8118641
6.5814139 47.0641157
3.7983609 49.2528670
6.1341864 47.3754256
120.6666669 16.5000000
6.8442951 49.0299875
2.4668689 49.4303940
-0.9629041 43.2707920
-1.5345131 49.0477841
2.7665688 48.6377611
7.4417107 44.3430848
1.4002047 48.9854152
3.5116156 50.4638961
4.4131953 47.7371073
1.0584210 49.8468023
3.6979050 49.3444596
10.1220782 36.9687718
6.6820320 48.9238371
7.7402518 48.6322014
5.9661305 47.4148419
74.9773871 41.2196872
3.2527276 50.2695546
0.0632736 43.1387156
6.3235428 48.9174882
124.8399999 8.7199999
2.9333201 50.6109762
3.3036868 49.9603927
4.4054483 48.6581005
29.3783993 -3.0801252
6.5412534 47.1623198
7.4958896 48.5609677
-79.5874380 56.8021507
4.6872928 48.6480164
6.5468652 48.8143161
4.7556945 46.9286947
-3.2742310 48.5868367
5.3658342 47.5260963
1.3638032 49.1054497
0.2335922 43.0602054
0.7770698 44.9897841
8.9888994 46.0289206
1.8388871 43.1635272
-36.5363071 -5.8456352
0.3916075 48.9985256
-1.4320483 49.3859033
4.9459887 47.3030968
2.9796279 45.5123066
7.6250581 45.4721794
11.9699152 48.2405833
5.1754998 47.1107442
-0.0543443 43.1361614
4.6918043 47.1479120
5.5644069 46.4362985
3.9107604 49.2270928
6.8935362 48.5708988
1.6615876 49.5341433
4.3743569 46.2632265
6.8470464 47.5370177
-80.1003005 55.9142875
-2.0949081 48.4131360
0.1097995 43.3319761
0.6055387 28.1420115
0.6087192 45.4207500
1.8857388 43.3117009
4.3571264 47.4707930
-4.1116912 50.3925486
2.7237043 49.9029141
142.9514467 43.4339535
35.3048161 32.7066300
5.6355962 46.8928607
-0.7906473 48.9178580
0.2717488 45.0976163
5.4291022 47.4719378
-0.4752475 43.1444358
113.5887708 22.1480694
1.0260080 49.7372930
-0.0554134 44.5485945
0.5090893 43.3185631
6.9181002 48.4916283
0.2591465 50.7733195
10.8016366 45.1442445
5.9211728 47.8963480
2.7506699 50.1290374
6.3307258 48.8785954
-0.7765481 48.9998914
7.6452479 48.5897018
2.6019028 48.9170573
-1.4727895 49.1373600
7.9216630 44.5191382
-0.3928665 43.0305385
1.9208993 43.2389979
4.3849135 48.7856385
5.7682671 49.1736334
25.5978259 46.6260536
3.6787345 45.5173021
32.2110734 54.7530158
2.1574098 50.2653503
-1.3837704 49.4577755
-72.5442900 19.0639321
56.2835357 58.8307457
3.3947160 49.2745557
3.5777603 49.3462909
-69.0956700 58.9920005
-3.5040670 48.7182507
4.7261931 46.5693194
-0.2734680 44.7375621
5.3424295 47.3458747
0.5564767 49.6772746
-1.3769247 49.1929455
-0.0297109 43.7648121
0.3333738 45.3557519
6.7523496 48.7996111
2.1662628 50.1669174
-0.0014894 49.1947000
1.8821971 49.9963903
7.6534347 45.3643926
1.6912518 50.6276321
7.3549686 44.6549130
-1.2190862 41.8241062
-0.4808443 48.7429972
3.0974572 45.6137177
4.1634719 48.7456100
0.9824647 43.2827756
26.2449948 44.5016364
-1.5151859 48.7252088
-0.2172103 44.6244040
-0.0334917 48.4561954
6.5860135 48.7497641
0.8131132 48.4339320
50.6008532 26.1239628
-0.3285075 45.3058846
5.9932925 47.7257347
-62.7446807 17.3156929
2.8715482 50.2983026
6.4241396 47.5010111
1.6640761 50.6204762
1.4453972 43.4585842
3.2476840 49.4220775
-79.4638902 54.1061153
6.5177848 48.4921924
1.4370054 43.7484741
26.0292135 45.1251596
0.3240942 49.5241012
5.7171305 48.4493852
2.8594804 49.5581170
-79.5212191 56.4531001
0.3033254 49.6725421
1.0955285 49.7360385
2.6940665 50.7757325
4.9529647 45.5093704
4.4231827 47.4355869
-66.1296191 46.3208417
-1.1246098 48.9006118
35.2568883 32.2204985
6.0642179 47.7357144
3.2247429 49.9580941
0.9345422 45.1178669
5.7089961 46.5880366
5.6336006 47.2629397
94.7428625 66.6244065
0.7101621 48.7149463
-0.3764424 44.7538106
3.4830276 50.0687291
19.4783822 51.7730575
5.1938762 49.3839800
0.0715032 49.3241127
4.6393876 46.9125214
0.2707113 49.6345904
5.9562269 49.1603131
14.3908075 -5.1775695
1.0481255 49.7670842
2.3355843 50.5266730
7.9021784 48.7496120
9.9166667 47.2499999
3.9334173 46.7321304
2.3380853 50.4506153
-0.3552839 44.4807967
10.4078550 53.2487060
4.5939717 47.8593209
-97.3406125 32.8003900
-0.3291109 43.0693062
6.5650901 48.0421852
51.6783190 32.7178646
2.5058415 48.2550202
2.3444528 49.2269983
0.8059043 49.1373932
5.0631995 46.3912384
-1.1071419 45.4330618
3.8602147 49.8634298
7.4791575 48.5201687
0.1611146 43.1744627
2.2585790 50.5141376
9.3866654 47.4241203
-46.6350515 -23.5694291
2.4978951 43.1059425
-1.3322319 48.9063142
2.9993127 49.3187147
6.9762625 48.9172970
-1.4853610 48.9901983
3.2830392 50.1536999
5.8058786 58.9363137
3.5152238 49.9312616
6.8595288 47.4781544
-3.4060024 48.2902121
44.7149500 48.9004421
-73.7761925 42.6681055
2.7932679 50.2592582
5.9001109 47.4798541
5.1203082 45.6818680
0.3354263 48.5818639
-2.7484465 48.1735958
0.7910193 43.6517203
4.5591889 47.4426510
2.4363406 49.3346704
3.5652903 49.4716019
7.2228187 48.8794487
1.3488800 43.5274020
6.8788862 45.0745212
-78.7420450 57.0615635
6.4032026 48.3168483
5.9849254 48.3265716
3.3624862 50.0243271
-77.3923220 25.0705308
5.2006790 45.4289997
6.1494879 51.3769196
3.4167153 49.8329702
1.0925667 45.0729954
122.4831733 12.7630930
0.4675946 48.7424246
37.3551894 -3.0669102
6.0160065 46.7700490
6.8006886 48.7660359
5.4339035 46.6205070
3.6711668 49.3382996
2.6507449 48.1637924
139.7502031 35.6870132
-3.3237119 48.7641287
2.9832998 49.4442164
6.9299207 49.1231397
2.7720018 49.3007197
5.0076062 45.8866911
5.2833676 46.6550575
-90.9263868 14.6553323
15.5866422 56.1621073
-1.4818903 49.6568072
6.6205438 47.4124841
0.6122388 49.3097767
5.6485385 45.7282513
2.7281930 45.8078025
4.3470480 47.5535109
5.9814907 48.3448176
6.8364960 48.8304058
0.7314054 45.0941880
1.8038894 43.4112820
6.0473558 49.3452604
-1.9360964 38.9294065
-2.1821832 48.5646156
6.7193415 48.8079127
5.8606111 49.0324057
3.1033847 50.4370171
30.0929591 -3.8649002
16.5897357 47.6931423
-90.2411166 38.6529545
1.2552173 49.9860353
-146.0490931 -16.0344249
4.3678242 47.1726888
6.7425207 48.2424367
5.3301544 45.3866100
4.7394516 47.9092447
3.0728064 46.0916276
5.6755247 46.9325594
2.3625790 49.2024493
3.8164423 49.2875379
1.2463714 49.5180072
29.4914038 52.3052199
1.2173672 49.1194251
-0.9077470 48.5855564
4.2374219 47.4979730
3.2138392 45.8965622
0.6018919 49.8079261
8.2046205 44.9178163
4.7931165 44.0950064
-0.3145756 44.9747077
0.8174592 42.9623527
4.5852435 47.1853226
121.8608691 20.6902184
51.6364788 32.6438487
-0.9389928 49.0897539
-0.8287775 43.2303647
3.1093004 44.0982722
37.4859285 56.9330492
-0.0541284 48.7844732
7.5793157 48.6271621
3.7156520 49.4013916
2.0302989 49.2310350
-0.4151593 45.0744459
7.2945531 48.9392147
-78.9746823 56.0987300
42.7577845 11.8567754
4.8979755 52.3745402
4.7576655 46.9489837
-81.2492530 42.9501826
2.2482113 49.8676474
3.8734826 50.2606296
-0.6506240 49.2377887
-0.2854269 49.0639489
2.4890310 50.1529268
39.3869158 54.8718127
6.1118444 46.9650623
-0.5819559 45.1881252
55.6037531 57.9717853
0.5922150 43.0431502
-2.9475984 48.6350457
52.8097462 36.5805320
4.1317976 47.4655014
51.7054140 32.6994934
4.7652256 48.6002521
1.7619608 50.6327632
2.0759136 49.2331982
5.7701804 48.2058190
-1.3712677 49.5672397
1.5824699 49.9452225
5.3217011 46.7135405
5.1749329 45.8190052
-0.4308098 43.3411663
-79.0403876 52.9317760
1.6875161 50.6686931
126.3951676 34.6482244
0.2710840 42.9028679
5.4586486 46.1238580
3.4222559 49.7656469
6.2949432 47.9232981
2.8683805 49.8318052
-0.1287508 43.3783882
0.1711213 45.8813436
-0.7309898 45.8258646
1.8514541 49.5623023
1.1077671 43.3496496
4.2198388 46.3714051
4.3264053 47.2632940
120.2263644 5.1462602
3.4164274 49.5494996
3.5414873 50.3247773
-16.0054666 12.1342400
76.6553609 12.3051827
3.0291557 48.9379508
6.6248823 48.0913073
0.4473262 49.6285416
19.0291987 49.8120784
-16.6546800 13.4536106
8.5540756 48.0643719
106.9531162 1.8830316
-75.4957801 39.1498760
-157.8466442 21.3250785
6.1148409 48.1238989
5.9310317 47.2247995
4.9064034 47.3776676
4.8360339 49.7060374
5.8641016 48.1681407
1.5187709 45.1451094
-44.0873208 -19.8909692
51.7090411 32.7076158
-0.4173209 45.3375069
2.9478940 50.5406805
-77.4250271 25.0720457
3.7620342 46.6182582
11.9123766 43.4424895
0.4528719 48.8661190
0.2506890 49.1693257
4.6400339 46.5278240
7.7572678 45.2941169
6.1844114 46.7332004
2.5002293 49.9706480
3.3521104 50.2020382
2.6256135 50.1988150
5.9498230 48.3448732
120.7335347 31.4029941
-1.2715575 49.4057384
6.6460730 49.0831570
45.8720865 35.3752455
2.4804832 43.0280207
0.2829585 44.8476819
51.7339237 32.6544108
-0.2738959 45.4139265
1.1793274 49.5171419
-0.3989058 44.5370137
1.9951635 50.3451317
0.3120578 48.8140030
5.5455327 47.5527479
2.7107478 50.4231000
6.3288197 47.2734273
1.5975348 49.3248526
-78.7544713 57.1126861
2.1747790 50.6684295
5.0128676 47.0108855
120.6968466 16.5515410
0.2291555 43.3313384
-0.0168016 48.9129660
7.2979588 48.6841620
-27.2468667 -59.4540001
6.7417614 47.2948713
7.7852726 48.6911007
6.5241496 47.6979115
-1.2398323 48.6767226
-65.8358716 59.1639060
7.4835355 48.7739031
21.1187760 42.2942943
6.3772503 48.2524947
3.7649414 49.4984949
2.3744820 49.9406463
1.8747859 50.3097714
1.0703667 43.4113897
3.5025779 49.5163323
3.4359894 49.0325709
-88.9837982 15.5692953
-0.2669066 49.0504126
3.8905034 49.2723362
1.3010024 49.9630680
7.3387598 45.1391668
3.7826655 51.4915425
5.8517181 45.2957495
24.9963211 38.8633170
37.0571079 54.5275718
-2.9145834 48.3699175
6.1791047 48.3894475
2.8418826 48.8744676
2.9846659 50.4377318
1.3190497 49.5366419
5.1797704 47.2166914
2.9233118 45.7743733
5.9117775 48.8676928
-0.8165043 49.3077786
4.5374770 46.5020870
6.1805990 45.0401449
4.3071615 46.3637854
6.8001011 47.2417218
-1.3371824 49.6918475
146.2353366 -5.2088577
1.7451832 43.4569995
1.1008582 43.7870600
-115.0568050 36.2448129
3.4517909 49.2256526
0.0092131 48.5302765
5.5989918 46.8922750
4.7925717 47.5729525
4.8253723 46.2461542
7.6653134 48.5856098
6.1231962 49.1311988
0.6983160 43.0067172
90.1327463 27.5841435
-0.4446536 49.1872317
1.2574294 43.3353778
3.2225149 50.2526687
-79.8053425 -4.0528506
3.3575058 45.7477698
42.0042220 55.3274714
54.0455379 56.3269280
0.8621966 48.3783577
4.6678024 47.9021002
5.7391563 49.2143027
46.2310010 -16.7519063
89.9101440 27.9806438
1.2021332 49.0974742
2.5753333 47.0248824
-0.1870586 44.5501589
1.7827371 50.1352535
-0.8113714 45.6525903
-61.0706479 14.6492257
3.1601495 48.9578771
-0.5554738 45.7340681
-0.2615562 44.7983973
10.3574041 43.6659192
-56.9378238 -25.2498290
1.3598440 43.4797656
2.4290126 49.3990505
0.1781128 49.3029141
5.1047665 46.3978016
2.8127958 50.3097892
3.0232170 48.4947472
6.6421907 48.6684864
4.1381929 49.0860728
-69.0000086 2.5000085
0.0338598 49.1880054
11.5888788 50.9221905
5.4472237 49.4925689
4.3933377 49.7016304
5.8356325 48.2867716
-78.9895420 52.9411945
7.1948058 48.6153779
-0.5762629 49.1201650
5.9647359 48.5289123
-1.0756141 50.8036830
6.7587584 48.7802251
-2.5628868 42.9642265
3.6422393 49.2422786
-81.6140751 12.3805166
2.6869549 49.0504044
7.4420562 48.6375357
-80.6004002 59.0643597
5.7264484 46.8231670
39.2386951 -6.1653854
-0.6570167 45.1298024
3.3134458 49.5139927
1.4898635 43.5283582
-1.6164716 49.5207605
-101.8137959 35.2013445
-0.0212603 43.2948331
0.5205428 43.2304045
1.9884979 49.7006359
39.9047621 57.6285513
6.1604268 49.0098540
6.2969473 49.3448715
5.6650886 44.9912392
2.4965068 49.4892096
3.6838255 49.1878513
4.7260252 46.9322302
5.5386550 46.5591109
-2.9140152 48.4028662
5.9310719 48.8154429
7.3397158 48.3634400
3.9862107 50.2438274
2.6270808 45.5632330
6.2178029 48.9664908
2.9026760 49.8256379
2.2287455 49.2670325
5.7047219 46.9914004
6.5294842 49.3251532
2.3908606 49.5667826
2.6561130 50.3508543
-3.5462292 48.5667969
3.1458923 49.5942510
-79.8333330 57.4597340
2.7784384 45.6694264
0.9971100 45.2047046
5.5157691 46.3245315
0.1484373 49.2752604
24.7438692 59.4250353
37.2371711 -3.0337171
4.5933496 47.2049620
-70.3928405 19.4089667
1.1615216 43.4204196
3.6400437 45.6883220
5.6827818 45.7430603
-0.4366000 42.1363889
-1.2038899 41.8192536
1.0722706 45.2079813
1.0121005 43.5857145
-61.0157356 14.6368275
16.9781963 51.1263106
-0.5290228 43.3903114
22.7655419 47.7331984
0.0341539 48.6305640
2.5863905 49.5379396
6.1931493 48.4732617
-0.5402403 52.7954790
5.1953585 49.4978533
6.9343327 49.2015822
-0.2521946 43.4920499
-0.2108438 44.4406046
8.9168178 50.1335542
5.2064101 45.3051364
4.4322094 47.3640352
6.7721975 47.9525521
-2.7555088 47.6577120
1.3870696 49.0189978
7.5749378 44.8342072
5.6180293 45.6402691
1.9824784 50.1779837
6.0685574 47.0556837
3.6282906 49.9309961
6.2953754 48.6199158
51.7664150 32.6494924
4.5590314 46.3972139
5.8265671 46.6065826
6.1517463 47.0947242
-1.9195939 49.6827988
6.1854907 48.0644803
3.4165234 49.2631405
21.4799462 61.5663278
7.0815112 51.5562284
-0.5032645 49.2854483
0.7186117 49.5744919
-2.7963427 48.2518383
5.7160826 48.2351620
0.6494870 43.2902361
3.9718660 50.1307195
-102.3022254 62.5063365
0.1025530 44.7643052
3.7590326 51.0475999
0.4544848 48.5148985
2.9706998 48.9582484
-128.3269506 -24.3712141
6.6881423 47.3019691
1.7880740 50.8728876
139.7734176 35.6684484
2.7133102 48.4954589
6.3943992 47.5970545
29.4980773 1.8330623
8.3773677 40.7604405
2.3408300 50.5632202
-34.9295692 -8.0402091
3.3564124 49.2793497
-0.2668583 48.8627583
166.9173974 11.2990000
6.7784524 47.3323192
-0.0662230 45.0114835
3.2527872 48.6322992
2.4195887 49.7695133
2.1528477 50.1107573
3.0046152 49.2575645
139.8356621 37.4900120
6.4390613 48.1067410
5.0872046 45.5622399
4.6385923 47.7424589
6.5268444 49.2190361
5.9549203 45.3099847
2.3056267 49.1956196
-73.7427966 40.6346624
-0.5054588 49.0094614
2.6048364 49.8118259
4.7735524 45.4356451
-57.6170184 -25.2853731
1.7582461 49.6716250
5.1655929 45.3501630
115.1909990 5.2376350
-2.3964182 48.1862585
1.6164765 50.6162579
0.0228939 43.1993298
5.9645235 47.5868121
5.2253160 45.9289818
6.4925872 47.2767682
106.1249511 10.7138779
32.5130304 0.2182858
0.6554906 48.8299769
-2.0143063 48.5252800
5.9732788 49.2127868
3.3222262 49.7894652
1.6161182 49.5759097
73.5102069 4.1754179
3.0459705 49.1974199
-0.4550424 46.0054955
0.4946830 49.0159080
4.3726797 47.1438740
3.2793231 49.7424868
5.3043334 45.4225763
4.9935694 47.1747052
0.2612543 43.3078845
-0.0088886 43.2026775
-57.0029384 -26.9571496
7.5783187 48.9178055
5.9697334 46.9328380
-1.4266425 49.4833918
-1.3868392 48.8332942
-0.0798108 43.5324373
-0.2582874 45.2722166
7.2553815 49.0911308
7.6156126 48.8833005
2.8270630 48.9168829
2.5646985 49.9480621
-0.9089432 43.5323148
-0.1505471 43.3395269
3.7181019 49.0087370
-0.3361246 45.1211494
0.1741007 49.3511778
3.4495214 50.1256170
-0.1853823 43.5289730
-0.6734971 45.8152625
4.9317433 47.5392400
8.0290044 44.4209530
1.7310644 50.8542624
7.7437448 48.7719296
5.6638312 45.7842128
6.0904959 46.2779745
52.9100038 36.6400238
6.2617436 48.4695150
3.5500482 45.9735325
6.1667268 48.7909307
-51.9619462 -23.4060384
2.8757000 45.3941236
2.5881622 50.3501809
-1.6813594 48.1159997
-0.3429720 44.2967478
2.9269297 50.6420855
-3.6812477 42.3448497
6.9998101 49.1796382
3.5146109 50.2400695
4.6195290 46.6645403
70.1381972 30.3119120
5.4544329 46.5957321
4.1429302 48.5265310
7.5843710 48.3485440
7.6111460 48.8144826
-1.5847658 49.1225807
-0.5103700 49.0521938
110.4277333 -7.7753835
5.6132799 46.2520305
5.2930682 45.8010762
0.7643330 49.6184049
0.0869088 43.3398339
2.3040295 49.5834988
4.7044695 46.6426900
7.2740922 44.4136981
-79.5726903 54.5253905
4.6594606 47.0618800
5.9735952 48.2296576
44.8305917 41.2177020
7.2598596 48.7174245
7.3302120 48.2466395
1.4583941 43.2560648
21.4185248 41.9976032
3.5258817 49.8531577
6.6026844 49.1641532
7.0993484 48.7790506
3.7855217 49.8893386
-79.1900620 55.7324199
-0.4045385 43.4182765
1.7531403 50.4925014
3.3623651 45.5124122
54.3326073 63.9881421
-78.8979733 58.7097110
0.0760406 43.3600240
3.8926070 48.9351183
5.8563325 47.8406399
3.3856816 49.4296250
9.4580626 56.2010656
0.5868123 49.8146903
55.7092074 60.4685207
2.9960469 50.5314339
6.2803147 48.9916361
-49.6160669 -14.2980000
6.3345346 49.4324045
53.2381122 58.9101583
-0.6757380 45.6091758
1.9489946 50.1326124
5.7209616 47.1601279
7.2311923 51.4709336
1.7778978 50.5004704
4.2740606 49.3306667
-1.5120052 49.4943689
0.6803837 49.3396611
2.3139198 49.2755767
0.6093402 49.7089678
34.0028598 48.2818385
5.5896010 48.3635988
6.3404926 48.5105287
22.0213095 -28.8543651
38.7478953 1.0060600
102.5823798 -4.0603116
6.5840659 48.9470013
3.3071484 49.6106238
3.7024384 49.4255746
3.2468342 50.5037416
3.4813472 49.7470692
-76.6652152 56.7694740
5.3696402 45.8864281
2.6637140 48.6258646
-0.0035772 48.7263437
3.7070447 47.4505065
-3.5246578 48.6869905
5.9994994 47.0972091
-91.8292367 14.4193895
1.1098037 48.9013826
7.0274329 45.1061353
3.7929194 50.1596143
3.6542250 45.8818684
6.0139744 45.1777437
2.0286163 49.3875308
2.2811320 43.1053508
0.3771555 48.9495337
3.1738043 49.1460541
-0.3868696 48.8346746
2.1522224 49.6605002
-78.7421169 58.7497386
0.5007395 49.6642304
-73.0000086 3.5000086
0.6022950 42.8698904
5.9999982 49.0169355
0.8356883 49.7728524
0.6643760 48.6937054
7.3712730 48.7874005
4.4673901 47.9378976
2.3576738 49.6329447
5.6340434 46.5755824
4.5277022 46.9894749
3.3352835 45.8068460
0.6811448 42.9634638
-0.5364595 45.4160912
1.0374762 44.8064578
5.7584502 49.2628823
2.0834199 49.3796224
6.8493924 48.1291430
4.8551190 49.1668209
22.2812532 52.1615938
7.1082349 48.5055735
5.1304146 46.2504402
-0.2604887 43.6315051
1.3985877 49.4488256
6.0022122 47.4168192
0.5262855 49.6023965
4.8078914 46.8331240
4.8938726 46.0631873
1.8290264 50.7479827
6.5296937 48.6723512
5.6556255 44.9442493
2.5298853 48.6808390
3.1569411 45.8280253
1.2143458 49.3316128
6.1878515 44.1640832
5.1665330 46.7629471
29.7759790 59.9873259
0.4859277 49.6951331
-0.8954323 48.6684106
3.0891475 49.8621415
6.2933599 48.4681333
4.5792853 47.2268048
23.5544089 -6.2092108
-77.6421914 55.4172210
6.6826961 47.2137206
6.4895175 47.5241231
1.2396899 43.5928013
3.5092130 50.3620137
5.3513984 45.8438065
0.3177381 49.0986372
3.2982517 49.1821992
5.0019148 48.9940038
7.1934754 48.4073146
5.9190465 48.3209121
1.2957230 44.8111280
1.9189439 42.8014813
7.4332249 48.7872524
101.8721699 3.9738696
1.6449834 50.0995059
-3.3588486 48.7394255
3.9069137 47.4807207
6.4097387 49.4377030
4.9791950 45.8322124
6.1331385 49.2552049
1.4009963 49.3399132
7.4136702 48.7155813
5.5968101 47.1617808
5.6072404 45.7245759
6.0917481 47.5887011
83.0959726 28.3958814
2.8286324 50.1412325