3524804
337526258
66984260
30164214
542945994
397586977
728265878
264902394
375122196
3240096490
4124609010
263300023
4529293104
377141688
23214543
2489326422
3286296964
34452969
2788720
5163380092
358807959
3483711513
305284151
4015271235
45859957
358916984
102774744
5907631
650402430
37693540
2489319896
689101029
1308628448
192033468
1236707931
1308697894
1415252843
2613405494
108736132
383483732
2537113680
357582945
3063260502
452570249
27634349
111511009
66985324
5184909796
240029070
302795771
4321344853
358681976
60595085
3231975
443961087
942754255
416767012
6226760
166270591
1308696052
7453479
3710568
1005825820
6964645
86020637
1597559582
354957974
358260524
82725523
1785406013
573532678
329599123
3218133994
1891978646
48557538
2007066
210567680
3202272961
4502278
78032602
3002570635
83581857
264695652
2155546645
139320404
3167386
3510727
457953359
390545790
207630254
3986076
6588256
2489246726
4449326933
2155753892
329599176
1271828306
7450571
1236369314
7609121
1739102
3024079223
25353819
2851407563
6549253
4120073
75783304
2914991513
124816542
2612012994
1271852584
5867518
275661042
2889955859
384276788
1699781807
1662255982
41193130
7316740
1070181935
447927247
95973227
4833265319
2470214408
28962523
1308684593
3843233681
252149102
89539
7453638
2992799
83486325
6892057
268782644
358224857
109926397
593185212
1351368491
97069498
1129933
1452435
471687966
24034046
41526
6424408
1223290136
358270014
357545028
1834860869
3065776724
2698382905
2485461600
42435748
7479521
357419162
2892477
447937134
3177417207
325725987
377681166
1582507265
83951260
2488285726
199486484
3187135520
83452996
1561585069
157560042
132424142
1153069
1739426370
2839913667
2802556356
5634997
3069881895
2250337847
119505805
3105478416
169829911
389702711
5801744
7613332
27552574
1271855317
335389888
4461340377
1308672888
88523870
245682004
416230892
4320021651
128623615
1308685707
469609912
316440998
1308638162
5023361644
440596372
5137636993
414458714
3008759691
5120006777
871905911
175789523
438873
4467099679
184323
68692388
703339221
358795076
415152221
465447867
2090787509
1779032
35096155
59503493
1439562
287516760
2078640205
2489358522
180240056
46742286
244252872
533823573
990416795
31101254
199027358
358660315
488355208
48254195
1308673217
1600486
30993910
41915659
2163339292
3176793461
202629297
3516582756
3110660789
6432002
260360963
7739263
1959351834
281415787
3008901792
3464878
2485671818
313803541
358652922
114668461
3020388506
1070161003
33058574
1449926
448930020
7091059
3562957108
3019437669
45745096
309831416
3811281
3511800
2398901
101865499
348496908
154264528
4565425
297403867
153477176
1070159747
5290323222
105854738
463416168
1308667363
6901807
531936565
2535971196
354705
1308726925
3393601946
1308669026
524733982
376711792
3234214067
231229273
3481675034
533478697
1319071868
2214354
358241605
75201115
179185450
6876405
32491984
2470764071
46338926
3020052575
3019438114
219431424
337661608
3707099
1705984802
2162066537
931544771
528382938
1237538923
2487877591
15250521
151524415
31591498
5436278
2190405
4560240197
3203183254
1308474928
358223339
186407602
203232992
1217859445
307670171
150919819
2030787820
102866085
210988187
256527339
211237149
1985260648
1190014
2479289150
3125723832
3318678665
3655350859
471347236
1972682
2296271963
1122721264
26954533
118416862
4321345108
4414536351
1204894495
1727630472
3931963587
2531584328
336430018
5237514697
6364626
6804168
131545749
547248291
5247581369
47203
79738612
1308726051
218694344
7586005
7225031
1746685176
5119208989
480770114
359245217
4252258057
34120482
353070
59922003
2601514
27880227
342108220
102751630
58849331
1308680616
92745580
231152512
768601160
440907
1212738074
38479294
156029531
475610138
326970446
929225021
159547857
472687070
420048688
302528662
149128903
1159370670
220985582
416761479
6399598
314842
2522581162
2486307873
149855183
44811611
60562315
3009666231
151893094
231363958
295316875
2065803825
329602081
118919098
82254474
286654619
2561538713
1308321063
441355137
4809972714
97384660
1070157060
5098785618
3614802026
2728193
4277439748
913006
2350304
7811095
531402933
5441534
132576171
183133061
342111286
2174657
1304121413
240027452
5143957090
542632
342100459
1251144
1126035702
3803729315
173110847
2488397671
225919564
194826566
4551111849
5166993143
148947308
446459799
1308643750
2219108778
44683222
1226956129
2528448221
3335255
6000052
283267
5991767
30572165
60370978
1635801308
67625747
4662753
1308619146
2482800620
4594432279
3439664510
93477882
4140718
357549580
4015272527
76219907
1308713733
2348252151
224303145
293400706
283185068
5405116
1439534
4076858046
158492532
7519547
445475657
377427
1222524019
303039909
149846046
28012510
4310172
134726376
3966726306
279554882
337550265
34762836
79759647
2065826788
6594311
1236688973
3079523766
1070189179
4606765023
576602744
359330306
629584966
377647013
136014923
248770992
2066492063
7170754
3118588
358804058
530281766
496339956
357307672
26807971
912999
2487769143
160058737
39018753
363462549
3507201026
3535451
28250660
4733647
153381111
404519465
3100607794
413194494
252128146
2486443959
2721778
44845874
3020052848
2229123524
523392066
4479774699
334576234
475056022
2552591941
4468545
1308643740
93180932
75822482
215556177
229757992
1353306670
377444486
158846180
2315672
3675578780
40285269
2545025
236009968
32011601
768569414
2690547125
207712301
677412019
5606427
1308683926
3060498585
1596798679
358698309
549046009
442004
358655207
6202736
358272542
3751973812
41548135
2486183632
2960814128
595462045
56196
514133593
1412409159
2813113607
358922643
3448165589
4110046
342103238
1628367
41803005
343975
4528891587
1472209764
3726585765
316335113
4569767051
2550324575
47466002
5196629928
5152965382
931543765
7532582
84343265
129140624
1717506744
1721813175
365937298
358717069
629027903
2488248147
48479401
1308629578
2483755102
5138631306
357597771
358987025
2488477802
6372283
324185201
5615508
343171788
330010519
2136796
27605752
5953172
1078400524
7455560
170932036
4422502
163006034
175769791
388030407
335957934
1227170246
220827995
1641076685
159924858
174277008
189614664
58055379
3834327
1873254692
305869324
469494043
3076205701
572534470
1227140458
1070174228
1070180550
120708647
118408961
2936479
4464604309
161522238
60347628
4157593033
1308470648
356546974
4798061
548500
2488619290
1237558013
4813708717
332845
143716690
430854522
3630877421
23944651
1891017384
2294496428
357808771
476734676
3013865774
616620757
473818989
59956549
112371
59233430
4211371475
3583921894
5197543958
480215316
158230438
305274504
6463074
158805374
2100927645
2488040360
3300968246
2133232
3169972588
1093782182
194957
2851768
3236118523
1224192258
7209845
2687961621
416757882
2700604314
1070182920
1835229540
286521
32006974
1217865807
3607661097
302081482
2489268160
911296628
3143521441
3394440853
188614935
383256503
3582849954
51362287
41074924
355212239
1248011
4276356769
5968061
406859
1922179
272202
4142947
2531631459
420354262
240511840
7593154
894622908
487696335
308679536
320210397
137599853
486465671
357563266
4530709785
337504146
387649240
4842531855
2319404697
251874532
274119733
333413877
52448844
2430308
91928254
703523664
31193094
122702401
83229079
347944512
172591689
4839089434
357882646
358717725
3239301875
1402941274
337680376
1720137
82438968
1405221
108579603
83328596
480479222
405415787
2263508284
541208568
476712737
85615329
174887
73929990
5833053
358858701
687028318
885586886
6557003
3259131476
191084342
323404994
2035490237
399081132
5298490652
4745823669
499330153
286684397
358972734
206625084
3579027413
1218418739
50837095
1116640730
26864626
4830658329
27958777
299290607
2495860173
107274
448684383
5156443611
6626579
357591692
1530093474
1308470666
97284692
1600494871
2485241352
155211879
430390064
2715291
256810904
295235368
1070164626
459806311
4516792040
2606791
4314215272
1500779099
278484906
104543321
1271851644
3703482
3489083301
380993856
5615413
1226935964
2123414103
119408378
479386863
4144726635
1772535216
140035
5056239498
1813672046
357809255
46597763
1360674382
404755238
406212147
1224192479
1249817855
2355979
7480221
406844
2986911929
3009753056
983152952
305002629
59885656
2426665283
3701556228
60567349
1227101984
205044417
153039050
536873131
154214126
572565444
394896052
244081827
1676478198
2154464626
571209639
439846256
182552
2516413499
119436
51099329
2815723748
3190945955
93193835
74536935
474739811
31880720
357385821
415273384
400699
322391069
358270339
563809981
27555076
357387822
270556073
3710364
2028686553
45962868
39068559
3329453214
205417183
27909332
1224326523
906137
3826802892
357926362
265778553
58928338
461627399
2503961571
2488374906
7230087
415033
5397951
695549586
931539819
4614773567
931546409
357724291
767131506
1738192625
7811152
6368327
186829283
3190036264
4423945521
703179462
2565773023
7482374
460195363
339418386
563662031
1226190594
74938326
5730740
26526925
1308706746
477214213
93581408
132370501
176135
7533869
232281068
3020150640
60718030
541611182
464509991
1308706026
157270
337513118
2336792904
470997003
1308702659
265777013
2558279284
4700015580
24798864
361990588
6908853
4500788
42110073
3255969474
165012
908707
25065886
171134
4897286484
374421184
6557947
1308657309
819763050
252114516
421277744
2054676
146610
4015187
87368915
165617961
146205511
60550749
1974446
240078257
21261193
5827638
57442743
307633993
1303182
3519103481
1785409265
503596306
133017929
195035141
68195921
337547972
1616608342
6059792
357956070
7793305
226339283
1308405246
237728345
1277900
34005881
2407371
4590905
170511
234824498
59911914
42875
2296675527
6433375
1216734
4516792648
3902483047
2613643943
4212125630
109148569
442267201
2482550949
1484259
302085877
3473211
2486638349
2863311119
25793775
229497833
2840144488
3458613385
2229128234
