140254
1236860
338948436
152508
2547643
145641
377687879
1298370
153153
2603247
5827522
339188
170641
305704494
7444
405688
3246442
77601
1227148
423889907
142182
3578391
2598492
2947194
153726
132471
148732
136109
1761580
148858
3355625
115219
2139539
1400916
43981
1400966
192820
172685
153824
88065
156041
3716089
1084091
7453
542793
3240919
2954314
1246084
1240076
166728
180038
237599
372628
161644
2930613
148017
542630
2713484
1395450
532299
61911
2032127
1506352
3000952
1411878
162030
1169695
1145310
1620857
104346
3321966
113994
148018
913094
1282148
281669
3009290
1158716
1255159
1456846
423229
57818
139247
415673
54921
3357549
122783
224126
1667671370
130957
86609
936631
192799
104184
30114131
1152558
377000
139774
153725
30113748
