1.8753098 46.7995347
-99.0090672 36.8184300
10.5917075 51.1850012
14.1885945 41.7035189
142.9514467 43.4339535
93.2130200 61.3352107
-2.9459282 39.9648614
19.1954730 52.0179354
-102.3022254 62.5063365
-0.5402403 52.7954790
-49.6160669 -14.2980000
133.3619535 -26.7193232
2.3200310 48.8588100
2.3200310 48.8588100
-3.9614185 55.3670000
15.1871642 62.0924094
-0.1440551 51.4893334
8.4449473 46.8133312
10.0000000 50.9999999
79.0221873 21.7616157
5.5346073 52.2379890
14.7548063 47.6964098
34.0028598 48.2818385
4.8542695 50.5243338
-120.0251381 37.2702599
16.6055824 78.5124025
11.5280364 64.5731536
24.3030241 45.9410443
35.4495026 39.0520984
-102.2675200 23.5535730
-64.3418180 -38.4836215
-8.5607918 39.4301247
9.4580626 56.2010656
26.9899020 64.7696261
19.1356823 47.1612473
120.1998098 -2.4959297
15.9999997 2.0000003
13.3973711 52.5068829
34.6335839 31.3945739
54.1688344 32.3141414
15.5281185 49.8037838
37.3561001 55.5498750
-4.8111563 57.7475000
29.6155600 26.9182362
25.3361996 42.7257215
15.1338113 44.3665630
9.2074675 7.6671712
19.6367942 48.6726975
-72.4583539 -36.8387295
122.4831733 12.7630930
-72.7709916 4.2155060
16.3712159 48.2202097
103.9999997 56.0000002
14.6263257 46.1490345
174.1572406 -40.9587973
139.2947745 34.2255804
-76.2775464 -10.1399415
-8.1227485 53.4294999
101.8721699 3.9738696
24.0868069 -28.5794088
-77.7403035 41.1158371
-99.6829526 31.1685700
-73.8784155 40.6930727
24.1836807 55.1732889
-87.6717326 41.8334501
100.8032675 13.0388400
12.6421190 9.7789797
112.5512651 2.0100312
-65.5224418 6.6819519
-89.4513218 39.7387829
-71.4455216 42.0379283
-3.6858229 40.4777915
-10.0497810 28.6905051
11.5258083 48.1545737
-81.6209876 27.6984467
-82.7062930 40.3632525
-76.2120818 42.7480490
108.1311854 15.7868541
-80.1142033 21.5551107
66.3231668 48.0244047
103.8632309 1.3004245
9.1723562 45.4612939
2.1528144 41.3942105
42.5141497 33.2210100
12.0480277 48.9175109
14.4464592 50.0596287
14.4464592 50.0596287
14.4464592 50.0596287
21.0714155 52.2337171
21.0714155 52.2337171
0.6055387 28.1420115
38.4266844 34.8152564
120.5238804 23.7043999
120.8353631 23.5982978
19.1460728 47.4813895
19.1460728 47.4813895
65.2042241 33.9342049
-78.5039502 -1.7766850
-3.8275007 52.4320079
-55.6797990 -32.9332061